run c1c_opt1_d4_enthalpy; dz 50 m; z 25..1475
hour  G=int|R|    signed    lamR(1/day) lamE(1/day) G_pred_next  G_next   z_centroid|R|  frac|R| z>1000
   1  1.981e+05 -7.619e+02      0.038      0.092   1.978e+05  3.745e+05       252      0.08
   2  3.745e+05 -7.560e+02      0.047      0.092   3.738e+05  6.631e+05       188      0.05
   3  6.631e+05 +9.426e+02      0.143      0.089   6.592e+05  9.289e+05       240      0.03
   4  9.289e+05 +4.473e+03      0.122      0.088   9.242e+05  1.135e+06       232      0.03
   5  1.135e+06 +8.336e+03      0.134      0.097   1.129e+06  1.401e+06       206      0.02
   6  1.401e+06 +1.266e+04      0.132      0.091   1.394e+06  1.764e+06       204      0.02
   7  1.764e+06 +1.963e+04      0.123      0.089   1.755e+06  1.998e+06       217      0.02
   8  1.998e+06 +2.667e+04      0.115      0.092   1.989e+06  2.327e+06       201      0.02
   9  2.327e+06 +3.296e+04      0.133      0.090   2.314e+06  2.658e+06       215      0.02
  10  2.658e+06 +4.381e+04      0.129      0.089   2.644e+06  2.914e+06       216      0.02
  11  2.914e+06 +5.440e+04      0.131      0.096   2.898e+06  3.245e+06       205      0.01
  12  3.245e+06 +6.562e+04      0.132      0.091   3.227e+06  3.597e+06       213      0.01
  13  3.597e+06 +7.968e+04      0.138      0.096   3.576e+06  3.860e+06       212      0.01
  14  3.860e+06 +9.199e+04      0.134      0.100   3.838e+06  4.112e+06       205      0.01
  15  4.112e+06 +1.043e+05      0.116      0.093   4.092e+06  4.420e+06       199      0.01
  16  4.420e+06 +1.191e+05      0.111      0.090   4.400e+06  4.670e+06       202      0.01
  17  4.670e+06 +1.331e+05      0.096      0.091   4.652e+06  4.908e+06       196      0.01
  18  4.908e+06 +1.467e+05      0.113      0.104   4.885e+06  5.329e+06       190      0.01
  19  5.329e+06 +1.605e+05      0.109      0.094   5.304e+06  5.603e+06       199      0.01
  20  5.603e+06 +1.773e+05      0.106      0.095   5.578e+06  5.833e+06       196      0.01
  21  5.833e+06 +1.924e+05      0.112      0.105   5.805e+06  6.135e+06       190      0.01
  22  6.135e+06 +2.085e+05      0.103      0.097   6.108e+06  6.469e+06       192      0.01
  23  6.469e+06 +2.259e+05      0.109      0.103   6.440e+06  6.713e+06       190      0.01

profile at 1 h: z, R (J/kg), E/rho, R/(E/rho), cumulative rad record, loss rate 1/day (next hr or prev)
      25  +1226.36     68060 +1.80e-02       +20   0.001
      75  -1226.92     68074 -1.80e-02       +21   0.001
     275    +21.06     68533 +3.07e-04       +26   0.000
     525    +24.34     68960 +3.53e-04      +381   0.027
     725   +314.06     67093 +4.68e-03      -512   0.322
     775     +6.54     69366 +9.43e-05     -4621   1.640
    1025    -30.12     65459 -4.60e-04      -119   0.045
    1275    -29.14     65542 -4.45e-04       -98   0.036

profile at 3 h: z, R (J/kg), E/rho, R/(E/rho), cumulative rad record, loss rate 1/day (next hr or prev)
      25  +3845.30     68869 +5.58e-02       +84   0.001
      75  -3898.34     68842 -5.66e-02       +87   0.001
     275   +207.28     68280 +3.04e-03       +99   0.000
     525   -127.94     68915 -1.86e-03      +748   0.015
     725  +1082.22     68572 +1.58e-02     -1886   0.213
     775   -814.29     71149 -1.14e-02    -13370   1.722
    1025    -37.79     65280 -5.79e-04      -323   0.040
    1275    -37.41     65407 -5.72e-04      -277   0.033

profile at 7 h: z, R (J/kg), E/rho, R/(E/rho), cumulative rad record, loss rate 1/day (next hr or prev)
      25 +10482.58     68931 +1.52e-01      +191   0.001
      75 -10591.99     68962 -1.54e-01      +199   0.000
     275   +400.25     68799 +5.82e-03      +229   0.000
     325   +681.18     69823 +9.76e-03      +311   0.008
     525   -426.61     69661 -6.12e-03     +1083   0.011
     725  +2447.28     68820 +3.56e-02     -4142   0.192
     775  -2016.12     70129 -2.87e-02    -30888   1.615
    1025    -62.90     64884 -9.69e-04      -751   0.047
    1275    -62.87     65120 -9.65e-04      -644   0.036

profile at 12 h: z, R (J/kg), E/rho, R/(E/rho), cumulative rad record, loss rate 1/day (next hr or prev)
      25 +19368.66     69993 +2.77e-01      +285   0.001
      75 -19538.18     70018 -2.79e-01      +299   0.001
     275   +527.19     69786 +7.55e-03      +359   0.001
     325  +1366.19     69685 +1.96e-02      +521   0.001
     525  -1295.49     69553 -1.86e-02     +1417   0.016
     725  +4566.24     69166 +6.60e-02     -6856   0.194
     775  -3807.27     72364 -5.26e-02    -52682   1.710
    1025    -87.73     64372 -1.36e-03     -1312   0.030
    1275    -87.00     64769 -1.34e-03     -1113   0.029

profile at 14 h: z, R (J/kg), E/rho, R/(E/rho), cumulative rad record, loss rate 1/day (next hr or prev)
      25 +23265.24     69561 +3.34e-01      +330   0.000
      75 -23449.29     69604 -3.37e-01      +346   0.000
     275   +521.08     70083 +7.44e-03      +417   0.001
     325  +1380.72     70079 +1.97e-02      +582   0.001
     525  -1482.35     70431 -2.10e-02     +1465   0.019
     725  +4980.71     69298 +7.19e-02     -8371   0.352
     775  -3966.63     70950 -5.59e-02    -60837   1.810
    1025    -97.74     64207 -1.52e-03     -1502   0.041
    1275    -96.78     64657 -1.50e-03     -1284   0.035

profile at 18 h: z, R (J/kg), E/rho, R/(E/rho), cumulative rad record, loss rate 1/day (next hr or prev)
      25 +30568.47     70293 +4.35e-01      +408   0.001
      75 -30849.04     70344 -4.39e-01      +429   0.000
     275   +574.80     71197 +8.07e-03      +442   0.003
     525  -2007.05     70935 -2.83e-02     +1882   0.020
     725  +5559.09     68989 +8.06e-02    -11116   0.232
     775  -3924.64     67935 -5.78e-02    -77353   2.069
    1025   -123.61     63859 -1.94e-03     -1909   0.041
    1275   -126.14     64423 -1.96e-03     -1634   0.034

profile at 24 h: z, R (J/kg), E/rho, R/(E/rho), cumulative rad record, loss rate 1/day (next hr or prev)
      25 +41723.20     70451 +5.92e-01      +536   0.000
      75 -42092.73     70487 -5.97e-01      +564   0.000
     275   +613.87     70946 +8.65e-03      +610   0.000
     525  -3085.99     71181 -4.34e-02     +2494   0.014
     725  +7189.27     70450 +1.02e-01    -16012   0.378
     775  -4955.26     72536 -6.83e-02   -102766   1.878
    1025   -154.83     63393 -2.44e-03     -2538   0.041
    1275   -158.51     64082 -2.47e-03     -2174   0.035
