run d4_column_edmf_enthalpy; dz 50 m; z 25..1475
hour  G=int|R|    signed    lamR(1/day) lamE(1/day) G_pred_next  G_next   z_centroid|R|  frac|R| z>1000
   1  1.557e+05 -8.302e+02      0.060      0.095   1.553e+05  1.591e+05       443      0.10
   2  1.591e+05 -7.976e+02      0.102      0.091   1.585e+05  3.127e+05       450      0.12
   3  3.127e+05 +1.024e+03      0.249      0.089   3.094e+05  3.503e+05       520      0.08
   4  3.503e+05 +4.373e+03      0.232      0.096   3.470e+05  3.549e+05       518      0.09
   5  3.549e+05 +7.457e+03      0.212      0.094   3.518e+05  4.011e+05       526      0.10
   6  4.011e+05 +1.165e+04      0.261      0.092   3.968e+05  4.095e+05       548      0.10
   7  4.095e+05 +1.581e+04      0.217      0.098   4.058e+05  4.011e+05       535      0.11
   8  4.011e+05 +1.940e+04      0.203      0.105   3.978e+05  3.734e+05       518      0.11
   9  3.734e+05 +2.259e+04      0.185      0.110   3.705e+05  3.462e+05       522      0.12
  10  3.462e+05 +2.526e+04      0.166      0.114   3.438e+05  3.372e+05       529      0.12
  11  3.372e+05 +2.734e+04      0.152      0.119   3.350e+05  3.298e+05       521      0.13
  12  3.298e+05 +2.899e+04      0.129      0.124   3.280e+05  3.348e+05       514      0.13
  13  3.348e+05 +3.023e+04      0.082      0.113   3.336e+05  5.158e+05       513      0.14
  14  5.158e+05 +3.280e+04      0.148      0.101   5.126e+05  4.713e+05       557      0.11
  15  4.713e+05 +3.549e+04      0.111      0.102   4.691e+05  4.641e+05       549      0.12
  16  4.641e+05 +3.746e+04      0.101      0.102   4.622e+05  4.574e+05       547      0.12
  17  4.574e+05 +3.900e+04      0.100      0.109   4.555e+05  4.483e+05       544      0.12
  18  4.483e+05 +4.015e+04      0.088      0.116   4.467e+05  4.539e+05       542      0.13
  19  4.539e+05 +4.083e+04      0.068      0.119   4.527e+05  4.569e+05       535      0.13
  20  4.569e+05 +4.105e+04      0.051      0.122   4.560e+05  4.746e+05       530      0.14
  21  4.746e+05 +4.080e+04      0.069      0.125   4.733e+05  4.687e+05       529      0.15
  22  4.687e+05 +4.000e+04      0.127      0.158   4.662e+05  5.271e+05       536      0.16
  23  5.271e+05 +4.069e+04      0.113      0.098   5.246e+05  5.414e+05       622      0.16

profile at 1 h: z, R (J/kg), E/rho, R/(E/rho), cumulative rad record, loss rate 1/day (next hr or prev)
      25   -403.27     68045 -5.93e-03       +18   0.001
      75   -251.84     68061 -3.70e-03       +19   0.001
     125   -112.40     68144 -1.65e-03       +21   0.000
     225   +160.93     68391 +2.35e-03       +23   0.000
     275   +146.39     68406 +2.14e-03       +25   0.000
     325   +187.04     68710 +2.72e-03       +27   0.000
     375   +149.05     69112 +2.16e-03       +54   0.009
     425   +111.38     69415 +1.60e-03      +185   0.016
     475   +124.32     69340 +1.79e-03      +405   0.023
     525    +27.57     69058 +3.99e-04      +358   0.029
     575    -67.09     68784 -9.75e-04      +151   0.033
     625   -102.58     68433 -1.50e-03       +33   0.041
     725   +331.56     66594 +4.98e-03      -508   0.290
     775    +21.07     69583 +3.03e-04     -4654   1.708
    1025    -31.49     65460 -4.81e-04      -119   0.045
    1275    -30.50     65542 -4.65e-04       -98   0.036

profile at 3 h: z, R (J/kg), E/rho, R/(E/rho), cumulative rad record, loss rate 1/day (next hr or prev)
      25   -443.15     69214 -6.40e-03       +75   0.001
      75   -292.79     69165 -4.23e-03       +77   0.001
     125   -152.67     68908 -2.22e-03       +80   0.004
     275   +209.81     68173 +3.08e-03       +84   0.000
     325   +230.01     68270 +3.37e-03       +96   0.000
     375   +310.07     68338 +4.54e-03      +235   0.003
     425   +426.28     68418 +6.23e-03      +418   0.002
     475   +522.11     68503 +7.62e-03      +766   0.010
     525   +494.99     68467 +7.23e-03      +824   0.017
     575   +312.62     68292 +4.58e-03      +577   0.018
     675   -159.58     68083 -2.34e-03      -167   0.025
     725   -193.57     70170 -2.76e-03     -1731   0.314
     775   -769.42     71058 -1.08e-02    -13533   1.639
    1025    -50.15     65279 -7.68e-04      -322   0.038
    1275    -49.21     65406 -7.52e-04      -276   0.031

profile at 7 h: z, R (J/kg), E/rho, R/(E/rho), cumulative rad record, loss rate 1/day (next hr or prev)
      25   -477.91     68690 -6.96e-03      +164   0.001
      75   -327.56     68725 -4.77e-03      +170   0.000
     125   -187.30     68820 -2.72e-03      +179   0.001
     275   +265.63     68844 +3.86e-03      +166   0.000
     325   +476.46     69282 +6.88e-03      +187   0.000
     375   +619.05     69412 +8.92e-03      +345   0.001
     425   +729.41     69498 +1.05e-02      +644   0.009
     475   +688.06     69429 +9.91e-03     +1322   0.011
     525   +433.88     69184 +6.27e-03     +2252   0.001
     575   +198.38     69121 +2.87e-03     +1838   0.001
     725   -328.20     70727 -4.64e-03     -3415   0.583
     775   -848.83     66683 -1.27e-02    -31259   1.509
    1025    -81.83     64875 -1.26e-03      -753   0.047
    1275    -81.84     65114 -1.26e-03      -642   0.037

profile at 12 h: z, R (J/kg), E/rho, R/(E/rho), cumulative rad record, loss rate 1/day (next hr or prev)
      25   -378.76     71417 -5.30e-03      +218   0.000
      75   -228.88     71453 -3.20e-03      +228   0.000
     175   +147.29     71570 +2.06e-03      +253   0.000
     225   +285.05     71969 +3.96e-03      +250   0.000
     275   +551.65     72247 +7.64e-03      +271   0.002
     325   +647.98     72318 +8.96e-03      +471   0.005
     375   +565.25     72296 +7.82e-03     +1458   0.008
     425   +321.44     72223 +4.45e-03     +2872   0.001
     475   +201.70     72312 +2.79e-03     +3127   0.002
     525   +197.44     72948 +2.71e-03     +2975   0.126
     575   +130.36     71206 +1.83e-03     +2005   0.132
     675   -205.30     65504 -3.13e-03     -1545   0.892
     725   -222.62     58005 -3.84e-03    -15595   1.742
     775   -364.46     61496 -5.93e-03    -43556   0.163
    1025    -81.53     64333 -1.27e-03     -1325   0.037
    1275    -83.12     64733 -1.28e-03     -1121   0.033
    1375   -127.14     64995 -1.96e-03     -1091   0.032

profile at 14 h: z, R (J/kg), E/rho, R/(E/rho), cumulative rad record, loss rate 1/day (next hr or prev)
      25   -564.65     72031 -7.84e-03      +258   0.001
      75   -455.04     71675 -6.35e-03      +270   0.004
     125   -428.47     70166 -6.11e-03      +286   0.004
     175   -291.53     67972 -4.29e-03      +298   0.002
     275    +66.44     67023 +9.91e-04      +317   0.001
     325   +200.68     67073 +2.99e-03      +695   0.000
     375   +332.32     67160 +4.95e-03     +2185   0.000
     425   +463.38     67262 +6.89e-03     +3585   0.000
     475   +601.45     67379 +8.93e-03     +3361   0.000
     525   +746.83     67183 +1.11e-02     +2953   0.002
     575   +887.34     68309 +1.30e-02     +1842   0.000
     625   +863.70     72568 +1.19e-02      +107   0.000
     675   +568.98     74996 +7.59e-03     -2639   0.055
     775   -432.37     73531 -5.88e-03    -44529   0.616
     825   -665.55     70503 -9.44e-03     -6384   1.490
    1025   -104.61     64164 -1.63e-03     -1515   0.048
    1275   -110.70     64615 -1.71e-03     -1293   0.037

profile at 18 h: z, R (J/kg), E/rho, R/(E/rho), cumulative rad record, loss rate 1/day (next hr or prev)
      25   -611.24     69617 -8.78e-03      +296   0.000
      75   -461.57     69663 -6.63e-03      +311   0.000
     125   -321.99     69770 -4.61e-03      +331   0.000
     175   -184.58     69890 -2.64e-03      +347   0.000
     275    +96.64     70643 +1.37e-03      +375   0.000
     325   +262.25     70860 +3.70e-03      +761   0.002
     375   +416.96     70924 +5.88e-03     +2288   0.003
     425   +453.02     70970 +6.38e-03     +3856   0.004
     475   +712.90     71026 +1.00e-02     +3961   0.000
     525   +658.06     71552 +9.20e-03     +3001   0.000
     575   +705.98     73875 +9.56e-03     +2751   0.000
     625   +657.67     74910 +8.78e-03     +2017   0.126
     675   +246.07     73359 +3.35e-03     -1794   0.321
     775   -216.08     61598 -3.51e-03    -56492   1.687
     825   -361.92     64393 -5.62e-03    -13108   0.116
    1025   -104.82     63700 -1.65e-03     -2043   0.046
    1275   -154.19     64300 -2.40e-03     -1700   0.037
    1325   -174.20     64444 -2.70e-03     -1672   0.036

profile at 24 h: z, R (J/kg), E/rho, R/(E/rho), cumulative rad record, loss rate 1/day (next hr or prev)
      25   -695.86     68012 -1.02e-02      +356   0.002
      75   -547.07     68073 -8.04e-03      +375   0.006
     125   -406.93     68184 -5.97e-03      +400   0.011
     175   -268.27     68308 -3.93e-03      +421   0.016
     275     +7.25     68569 +1.06e-04      +491   0.021
     375   +280.84     68836 +4.08e-03     +3484   0.006
     425   +417.64     68972 +6.06e-03     +6164   0.006
     475   +647.46     69090 +9.37e-03     +4859   0.000
     525   +726.25     70360 +1.03e-02     +3079   0.000
     575   +789.90     71931 +1.10e-02     +2830   0.000
     625   +754.03     74081 +1.02e-02     +2523   0.000
     675   +677.43     74778 +9.06e-03     -1623   0.002
     725   +489.03     74752 +6.54e-03    -25478   0.007
     775   +124.31     73480 +1.69e-03    -76668   0.315
     825   -199.97     70115 -2.85e-03    -18310   1.139
     875   -230.93     69724 -3.31e-03     -6378   0.842
    1025   -155.90     63180 -2.47e-03     -2729   0.046
    1225   -230.62     63762 -3.62e-03     -2314   0.036
    1275   -237.48     63910 -3.72e-03     -2265   0.035
    1325   -213.55     64056 -3.33e-03     -2228   0.034
