run c9_column_enthalpy; dz 50 m; z 25..1475
hour  G=int|R|    signed    lamR(1/day) lamE(1/day) G_pred_next  G_next   z_centroid|R|  frac|R| z>1000
   1  2.695e+03 +1.587e+00      0.306      0.091   2.661e+03  2.660e+03       733      0.07
   2  2.660e+03 +1.716e+01      0.356      0.093   2.621e+03  2.620e+03       733      0.07
   3  2.620e+03 +5.140e+01      0.352      0.099   2.582e+03  2.581e+03       733      0.07
   4  2.581e+03 +8.566e+01      0.333      0.101   2.545e+03  2.545e+03       733      0.07
   5  2.545e+03 +1.171e+02      0.295      0.102   2.514e+03  2.514e+03       734      0.07
   6  2.514e+03 +1.444e+02      0.251      0.102   2.488e+03  2.488e+03       734      0.08
   7  2.488e+03 +1.665e+02      0.185      0.101   2.469e+03  2.470e+03       734      0.08
   8  2.470e+03 +1.809e+02      0.192      0.106   2.450e+03  2.452e+03       734      0.08
   9  2.452e+03 +1.958e+02      0.189      0.110   2.432e+03  2.433e+03       735      0.08
  10  2.433e+03 +2.098e+02      0.177      0.111   2.415e+03  2.417e+03       735      0.08
  11  2.417e+03 +2.216e+02      0.163      0.111   2.400e+03  2.401e+03       736      0.08
  12  2.401e+03 +2.307e+02      0.140      0.110   2.387e+03  2.388e+03       736      0.08
  13  2.388e+03 +2.360e+02      0.097      0.106   2.378e+03  2.379e+03       736      0.08
  14  2.379e+03 +2.353e+02      0.115      0.113   2.368e+03  2.369e+03       737      0.08
  15  2.369e+03 +2.363e+02      0.113      0.112   2.358e+03  2.359e+03       737      0.08
  16  2.359e+03 +2.371e+02      0.116      0.114   2.348e+03  2.348e+03       738      0.08
  17  2.348e+03 +2.364e+02      0.116      0.115   2.337e+03  2.338e+03       738      0.08
  18  2.338e+03 +2.346e+02      0.114      0.114   2.327e+03  2.328e+03       739      0.08
  19  2.328e+03 +2.318e+02      0.096      0.107   2.318e+03  2.318e+03       740      0.08
  20  2.318e+03 +2.265e+02      0.092      0.101   2.310e+03  2.310e+03       740      0.08
  21  2.310e+03 +2.199e+02      0.091      0.101   2.301e+03  2.302e+03       741      0.08
  22  2.302e+03 +2.134e+02      0.105      0.108   2.292e+03  2.293e+03       742      0.08
  23  2.293e+03 +2.063e+02      0.101      0.112   2.284e+03  2.284e+03       743      0.08

profile at 1 h: z, R (J/kg), E/rho, R/(E/rho), cumulative rad record, loss rate 1/day (next hr or prev)
      25     -0.28     73395 -3.79e-06        +4   0.049
     275     -0.32     68113 -4.70e-06        +0   0.000
     425     +1.68     68615 +2.45e-05       +98   0.000
     475     +2.21     68911 +3.20e-05      +360   0.000
     525     +1.50     69048 +2.17e-05      +442   0.011
     625     -2.34     68867 -3.39e-05       +54   0.054
     675     -5.49     68724 -7.99e-05      -147   0.268
     725     -8.92     68033 -1.31e-04      -740   0.965
     775     +3.69     65635 +5.62e-05     -3976   0.711
     825    +14.65     65107 +2.25e-04      -298   0.098
    1025     -0.42     65451 -6.49e-06      -124   0.048
    1275     -0.35     65535 -5.30e-06      -100   0.037

profile at 3 h: z, R (J/kg), E/rho, R/(E/rho), cumulative rad record, loss rate 1/day (next hr or prev)
      25     -0.32     85718 -3.70e-06     +1251   0.097
     275     -0.32     68142 -4.70e-06        +0   0.000
     425     +1.68     68706 +2.44e-05      +124   0.000
     475     +2.21     69042 +3.20e-05      +466   0.000
     525     +1.50     69195 +2.16e-05      +648   0.016
     625     -2.31     68527 -3.38e-05       -58   0.180
     675     -5.30     67041 -7.91e-05     -1003   0.741
     725     -7.94     62402 -1.27e-04     -6857   1.314
     775     +3.58     64291 +5.56e-05     -6220   0.073
     825    +14.56     64869 +2.24e-04      -744   0.051
    1025     -0.42     65233 -6.48e-06      -355   0.040
    1275     -0.35     65371 -5.29e-06      -292   0.033

profile at 7 h: z, R (J/kg), E/rho, R/(E/rho), cumulative rad record, loss rate 1/day (next hr or prev)
      25     -0.40    109383 -3.63e-06     +3324   0.153
     275     -0.32     68218 -4.69e-06        +0   0.000
     425     +1.68     68846 +2.44e-05      +124   0.000
     475     +2.21     69071 +3.20e-05      +470   0.016
     525     +1.49     68952 +2.16e-05      +659   0.087
     625     -2.13     64539 -3.30e-05     -1856   0.827
     675     -4.61     60271 -7.64e-05     -5139   0.922
     725     -6.57     58169 -1.13e-04    -17441   0.110
     775     +3.59     64228 +5.58e-05     -6908   0.053
     825    +14.46     64640 +2.24e-04     -1256   0.043
    1025     -0.42     64882 -6.47e-06      -741   0.036
    1275     -0.34     65112 -5.28e-06      -641   0.031

profile at 12 h: z, R (J/kg), E/rho, R/(E/rho), cumulative rad record, loss rate 1/day (next hr or prev)
      25     -0.47    137966 -3.44e-06     +5378   0.191
     275     -0.32     68321 -4.68e-06        +0   0.000
     425     +1.68     68863 +2.43e-05      +124   0.026
     475     +2.19     68537 +3.19e-05      +469   0.136
     525     +1.43     66593 +2.15e-05      +395   0.530
     625     -1.82     57120 -3.19e-05     -5964   0.576
     675     -3.62     54165 -6.68e-05    -17407   0.653
     725     -6.66     61673 -1.08e-04    -18494   0.061
     775     +3.59     64098 +5.59e-05     -7513   0.037
     825    +14.35     64347 +2.23e-04     -1767   0.033
    1025     -0.42     64507 -6.45e-06     -1173   0.031
    1275     -0.34     64859 -5.26e-06     -1050   0.029

profile at 14 h: z, R (J/kg), E/rho, R/(E/rho), cumulative rad record, loss rate 1/day (next hr or prev)
      25     -0.50    148874 -3.36e-06     +5890   0.201
     275     -0.32     68357 -4.68e-06        +0   0.000
     425     +1.67     68714 +2.43e-05      +124   0.062
     475     +2.16     67760 +3.19e-05      +455   0.243
     525     +1.35     63873 +2.12e-05     -1143   0.566
     625     -1.71     54816 -3.13e-05     -8204   1.037
     675     -3.54     55826 -6.34e-05    -19107   0.092
     725     -6.68     62319 -1.07e-04    -18798   0.054
     775     +3.58     64028 +5.60e-05     -7711   0.037
     825    +14.32     64220 +2.23e-04     -1944   0.033
    1025     -0.42     64366 -6.45e-06     -1333   0.030
    1275     -0.34     64766 -5.25e-06     -1205   0.029

profile at 18 h: z, R (J/kg), E/rho, R/(E/rho), cumulative rad record, loss rate 1/day (next hr or prev)
      25     -0.55    170073 -3.21e-06     +6771   0.216
     275     -0.32     68423 -4.67e-06       -11   0.000
     425     +1.65     67729 +2.43e-05      +111   0.199
     475     +2.01     64265 +3.13e-05      -704   0.545
     525     +1.22     59184 +2.06e-05     -3036   0.577
     625     -1.42     51471 -2.76e-05    -17038   0.758
     675     -3.59     59290 -6.06e-05    -19850   0.066
     725     -6.70     62990 -1.06e-04    -19292   0.043
     775     +3.57     63859 +5.60e-05     -8062   0.032
     825    +14.25     63972 +2.23e-04     -2269   0.030
    1025     -0.41     64116 -6.44e-06     -1635   0.028
    1275     -0.34     64602 -5.23e-06     -1503   0.028

profile at 24 h: z, R (J/kg), E/rho, R/(E/rho), cumulative rad record, loss rate 1/day (next hr or prev)
      25     -0.60    200111 -3.00e-06     +7587   0.225
     275     -0.32     68405 -4.66e-06      -111   0.012
     425     +1.48     62623 +2.37e-05     -1346   0.492
     475     +1.67     56238 +2.97e-05     -5026   0.575
     525     +0.98     50864 +1.92e-05    -10878   1.065
     625     -1.41     56922 -2.48e-05    -19782   0.064
     675     -3.63     61718 -5.89e-05    -20566   0.041
     725     -6.69     63289 -1.06e-04    -19790   0.029
     775     +3.56     63604 +5.60e-05     -8459   0.025
     825    +14.16     63655 +2.22e-04     -2652   0.024
    1025     -0.41     63836 -6.42e-06     -2016   0.024
    1275     -0.34     64408 -5.20e-06     -1894   0.025
