run c1c_base_d4_enthalpy; dz 50 m; z 25..1475
hour  G=int|R|    signed    lamR(1/day) lamE(1/day) G_pred_next  G_next   z_centroid|R|  frac|R| z>1000
   1  1.677e+05 -8.091e+02      0.066      0.092   1.673e+05  1.638e+05       449      0.09
   2  1.638e+05 -7.510e+02      0.063      0.092   1.634e+05  3.063e+05       453      0.10
   3  3.063e+05 +9.577e+02      0.253      0.089   3.031e+05  3.274e+05       504      0.06
   4  3.274e+05 +4.250e+03      0.197      0.088   3.247e+05  2.659e+05       500      0.08
   5  2.659e+05 +5.396e+03      0.100      0.097   2.648e+05  3.223e+05       472      0.10
   6  3.223e+05 +6.451e+03      0.175      0.091   3.199e+05  4.024e+05       510      0.08
   7  4.024e+05 +9.371e+03      0.175      0.089   3.995e+05  3.196e+05       502      0.08
   8  3.196e+05 +1.031e+04      0.044      0.092   3.191e+05  3.774e+05       479      0.11
   9  3.774e+05 +9.910e+03      0.126      0.090   3.754e+05  4.593e+05       539      0.10
  10  4.593e+05 +1.244e+04      0.148      0.089   4.564e+05  3.893e+05       512      0.09
  11  3.893e+05 +1.364e+04      0.049      0.096   3.885e+05  4.606e+05       496      0.11
  12  4.606e+05 +1.351e+04      0.108      0.091   4.585e+05  4.937e+05       526      0.10
  13  4.937e+05 +1.574e+04      0.157      0.096   4.905e+05  5.121e+05       540      0.10
  14  5.121e+05 +1.839e+04      0.155      0.100   5.088e+05  5.551e+05       547      0.11
  15  5.551e+05 +2.108e+04      0.173      0.093   5.512e+05  6.095e+05       552      0.11
  16  6.095e+05 +2.521e+04      0.204      0.090   6.043e+05  5.730e+05       564      0.11
  17  5.730e+05 +3.010e+04      0.170      0.091   5.690e+05  4.634e+05       577      0.12
  18  4.634e+05 +3.045e+04      0.077      0.104   4.619e+05  5.810e+05       576      0.16
  19  5.810e+05 +3.061e+04      0.138      0.094   5.777e+05  5.910e+05       575      0.13
  20  5.910e+05 +3.427e+04      0.186      0.095   5.864e+05  5.138e+05       599      0.13
  21  5.138e+05 +3.796e+04      0.070      0.105   5.123e+05  5.560e+05       582      0.16
  22  5.560e+05 +3.841e+04      0.115      0.097   5.533e+05  5.920e+05       597      0.15
  23  5.920e+05 +4.137e+04      0.180      0.103   5.876e+05  6.322e+05       616      0.15

profile at 1 h: z, R (J/kg), E/rho, R/(E/rho), cumulative rad record, loss rate 1/day (next hr or prev)
      25   -407.77     68060 -5.99e-03       +20   0.001
      75   -256.86     68074 -3.77e-03       +21   0.001
     125   -118.43     68157 -1.74e-03       +23   0.000
     225   +153.83     68410 +2.25e-03       +25   0.000
     275   +118.73     68533 +1.73e-03       +26   0.000
     325   +142.61     68837 +2.07e-03       +29   0.004
     375   +152.96     69139 +2.21e-03       +54   0.007
     425   +178.97     69300 +2.58e-03      +182   0.010
     475   +245.25     69300 +3.54e-03      +363   0.024
     525    +12.37     68960 +1.79e-04      +381   0.027
     575   -123.53     68673 -1.80e-03      +152   0.028
     625   -142.96     68275 -2.09e-03       +29   0.031
     675    +98.78     67661 +1.46e-03       -39   0.037
     725   +260.53     67093 +3.88e-03      -512   0.322
     775    +45.26     69366 +6.52e-04     -4621   1.640
    1025    -30.12     65459 -4.60e-04      -119   0.045
    1275    -29.14     65542 -4.45e-04       -98   0.036

profile at 3 h: z, R (J/kg), E/rho, R/(E/rho), cumulative rad record, loss rate 1/day (next hr or prev)
      25   -492.19     68869 -7.15e-03       +84   0.001
      75   -340.56     68842 -4.95e-03       +87   0.001
     125   -200.41     68844 -2.91e-03       +90   0.004
     275    +93.62     68280 +1.37e-03       +99   0.000
     325   +118.86     68303 +1.74e-03      +144   0.000
     375   +248.52     68432 +3.63e-03      +258   0.000
     425   +372.90     68555 +5.44e-03      +544   0.008
     475   +508.22     68705 +7.40e-03      +633   0.003
     525   +636.87     68915 +9.24e-03      +748   0.015
     575   +422.88     68756 +6.15e-03      +565   0.019
     625   +230.98     68651 +3.36e-03      +174   0.022
     725   -255.91     68572 -3.73e-03     -1886   0.213
     775   -732.30     71149 -1.03e-02    -13370   1.722
    1025    -37.79     65280 -5.79e-04      -323   0.040
    1275    -37.41     65407 -5.72e-04      -277   0.033

profile at 7 h: z, R (J/kg), E/rho, R/(E/rho), cumulative rad record, loss rate 1/day (next hr or prev)
      25   -593.83     68931 -8.61e-03      +191   0.001
      75   -443.75     68962 -6.43e-03      +199   0.000
     125   -314.98     69040 -4.56e-03      +224   0.001
     175   -276.97     68996 -4.01e-03      +322   0.000
     275   +112.14     68799 +1.63e-03      +229   0.000
     325   +217.79     69823 +3.12e-03      +311   0.008
     375   +350.49     69339 +5.05e-03      +582   0.024
     425   +484.29     69461 +6.97e-03     +1025   0.007
     475   +620.41     69592 +8.91e-03      +890   0.001
     525   +708.49     69661 +1.02e-02     +1083   0.011
     575   +571.43     69503 +8.22e-03     +1184   0.024
     625   +350.48     69269 +5.06e-03     +1038   0.029
     775   -695.61     70129 -9.92e-03    -30888   1.615
     825   -152.82     64982 -2.35e-03     -1362   0.106
    1025    -62.91     64884 -9.70e-04      -751   0.047
    1275    -62.89     65120 -9.66e-04      -644   0.036

profile at 12 h: z, R (J/kg), E/rho, R/(E/rho), cumulative rad record, loss rate 1/day (next hr or prev)
      25   -673.52     69993 -9.62e-03      +285   0.001
      75   -523.71     70018 -7.48e-03      +299   0.001
     125   -384.96     70101 -5.49e-03      +335   0.001
     175   -263.93     69670 -3.79e-03      +460   0.001
     275     -9.52     69786 -1.36e-04      +359   0.001
     375   +251.33     69646 +3.61e-03     +1012   0.004
     425   +452.34     69400 +6.52e-03     +1243   0.010
     475   +616.60     69487 +8.87e-03     +1106   0.082
     525   +761.15     69553 +1.09e-02     +1417   0.016
     575   +795.57     69506 +1.14e-02     +2339   0.017
     625   +611.28     69314 +8.82e-03     +2697   0.017
     675   +376.04     69186 +5.44e-03      +514   0.046
     775   -391.81     72364 -5.41e-03    -52682   1.710
     825   -375.48     65373 -5.74e-03     -2659   0.110
    1025    -87.75     64372 -1.36e-03     -1312   0.030
    1275   -102.33     64769 -1.58e-03     -1113   0.029

profile at 14 h: z, R (J/kg), E/rho, R/(E/rho), cumulative rad record, loss rate 1/day (next hr or prev)
      25   -667.89     69561 -9.60e-03      +330   0.000
      75   -518.02     69604 -7.44e-03      +346   0.000
     125   -378.25     69707 -5.43e-03      +385   0.000
     175   -240.34     69826 -3.44e-03      +513   0.002
     275    +33.29     70083 +4.75e-04      +417   0.001
     325   +180.61     70079 +2.58e-03      +582   0.001
     375   +411.28     70137 +5.86e-03     +1082   0.001
     425   +550.83     70257 +7.84e-03     +1370   0.002
     475   +683.90     70355 +9.72e-03      +906   0.005
     525   +810.65     70431 +1.15e-02     +1465   0.019
     575   +778.38     70253 +1.11e-02     +2961   0.028
     625   +560.59     69892 +8.02e-03     +3407   0.029
     675   +353.04     69571 +5.07e-03      +531   0.027
     775   -645.10     70950 -9.09e-03    -60837   1.810
     825   -461.88     65145 -7.09e-03     -2972   0.122
    1025    -97.76     64207 -1.52e-03     -1502   0.041
    1275   -182.84     64657 -2.83e-03     -1284   0.035

profile at 18 h: z, R (J/kg), E/rho, R/(E/rho), cumulative rad record, loss rate 1/day (next hr or prev)
      25   -608.48     70293 -8.66e-03      +408   0.001
      75   -459.30     70344 -6.53e-03      +429   0.000
     125   -320.53     70457 -4.55e-03      +474   0.002
     175   -184.42     70595 -2.61e-03      +609   0.000
     275   +137.06     71197 +1.93e-03      +442   0.003
     325   +272.66     71330 +3.82e-03      +637   0.009
     375   +389.37     71242 +5.47e-03     +1192   0.008
     425   +457.78     70912 +6.46e-03     +1717   0.013
     475   +492.93     70886 +6.95e-03     +1088   0.013
     525   +678.75     70935 +9.57e-03     +1882   0.020
     575   +745.16     70573 +1.06e-02     +4237   0.035
     625   +547.18     70232 +7.79e-03     +4730   0.042
     675   +249.29     69681 +3.58e-03      +700   0.051
     775   +190.27     67935 +2.80e-03    -77353   2.069
     825   -577.98     64280 -8.99e-03     -3744   0.123
    1025   -123.64     63859 -1.94e-03     -1909   0.041
    1225   -247.01     64284 -3.84e-03     -1663   0.035
    1275   -206.82     64423 -3.21e-03     -1634   0.034
    1325   -178.68     64562 -2.77e-03     -1612   0.034

profile at 24 h: z, R (J/kg), E/rho, R/(E/rho), cumulative rad record, loss rate 1/day (next hr or prev)
      25   -555.92     70451 -7.89e-03      +536   0.000
      75   -405.81     70487 -5.76e-03      +564   0.000
     125   -265.89     70585 -3.77e-03      +618   0.000
     275   +146.46     70946 +2.06e-03      +610   0.000
     325   +283.00     71074 +3.98e-03      +829   0.004
     375   +518.09     70858 +7.31e-03     +1294   0.001
     425   +660.47     70992 +9.30e-03     +1918   0.001
     475   +798.03     71111 +1.12e-02     +1424   0.003
     525   +920.70     71181 +1.29e-02     +2494   0.014
     575   +907.87     71055 +1.28e-02     +6141   0.026
     625   +690.96     70748 +9.77e-03     +6611   0.025
     675   +495.72     70530 +7.03e-03      +779   0.020
     725   +330.38     70450 +4.69e-03    -16012   0.378
     775  -1060.21     72536 -1.46e-02   -102766   1.878
     825   -693.96     63697 -1.09e-02     -4875   0.108
    1025   -154.89     63393 -2.44e-03     -2538   0.041
    1125   -255.32     63652 -4.01e-03     -2329   0.038
    1175   -282.17     63794 -4.42e-03     -2263   0.036
    1225   -260.42     63938 -4.07e-03     -2212   0.035
    1275   -237.55     64082 -3.71e-03     -2174   0.035
