run c1c_opt3_d4_enthalpy; dz 50 m; z 25..1475
hour  G=int|R|    signed    lamR(1/day) lamE(1/day) G_pred_next  G_next   z_centroid|R|  frac|R| z>1000
   1  5.668e+04 -8.077e+02      0.207      0.092   5.619e+04  7.462e+04       784      0.27
   2  7.462e+04 -1.005e+03      0.150      0.092   7.416e+04  1.927e+05       708      0.23
   3  1.927e+05 +3.788e+02      0.449      0.089   1.892e+05  2.515e+05       670      0.10
   4  2.515e+05 +3.532e+03      0.411      0.088   2.472e+05  2.534e+05       650      0.10
   5  2.534e+05 +6.739e+03      0.466      0.097   2.485e+05  3.028e+05       637      0.10
   6  3.028e+05 +9.696e+03      0.469      0.091   2.970e+05  4.190e+05       638      0.09
   7  4.190e+05 +1.510e+04      0.417      0.089   4.117e+05  4.035e+05       603      0.08
   8  4.035e+05 +2.053e+04      0.433      0.092   3.963e+05  5.365e+05       608      0.09
   9  5.365e+05 +2.500e+04      0.444      0.090   5.266e+05  5.929e+05       621      0.07
  10  5.929e+05 +3.328e+04      0.465      0.089   5.815e+05  6.104e+05       618      0.07
  11  6.104e+05 +4.137e+04      0.486      0.096   5.981e+05  7.900e+05       608      0.07
  12  7.900e+05 +4.949e+04      0.419      0.091   7.763e+05  8.482e+05       594      0.06
  13  8.482e+05 +6.008e+04      0.471      0.096   8.317e+05  8.506e+05       578      0.06
  14  8.506e+05 +6.935e+04      0.495      0.100   8.333e+05  9.245e+05       583      0.06
  15  9.245e+05 +7.866e+04      0.424      0.093   9.083e+05  1.028e+06       577      0.06
  16  1.028e+06 +9.050e+04      0.404      0.090   1.011e+06  1.021e+06       578      0.06
  17  1.021e+06 +1.018e+05      0.375      0.091   1.005e+06  1.037e+06       581      0.06
  18  1.037e+06 +1.125e+05      0.432      0.104   1.019e+06  1.139e+06       572      0.06
  19  1.139e+06 +1.230e+05      0.424      0.094   1.119e+06  1.245e+06       583      0.06
  20  1.245e+06 +1.362e+05      0.404      0.095   1.224e+06  1.279e+06       575      0.06
  21  1.279e+06 +1.479e+05      0.430      0.105   1.257e+06  1.329e+06       567      0.06
  22  1.329e+06 +1.602e+05      0.403      0.097   1.307e+06  1.452e+06       573      0.06
  23  1.452e+06 +1.740e+05      0.421      0.103   1.427e+06  1.456e+06       552      0.06

profile at 1 h: z, R (J/kg), E/rho, R/(E/rho), cumulative rad record, loss rate 1/day (next hr or prev)
      25    -63.30     68060 -9.30e-04       +20   0.001
      75    +36.16     68074 +5.31e-04       +21   0.001
     275     +8.22     68533 +1.20e-04       +26   0.000
     525     +7.66     68960 +1.11e-04      +381   0.027
     675    -34.61     67661 -5.12e-04       -39   0.037
     725   +329.16     67093 +4.91e-03      -512   0.322
     775    +49.45     69366 +7.13e-04     -4621   1.640
     875    -29.12     65377 -4.45e-04      -178   0.054
     925    -30.47     65458 -4.65e-04      -147   0.047
     975    -29.58     65468 -4.52e-04      -130   0.045
    1025    -30.12     65459 -4.60e-04      -119   0.045
    1075    -29.95     65452 -4.58e-04      -112   0.043
    1125    -29.31     65453 -4.48e-04      -107   0.041
    1175    -29.78     65468 -4.55e-04      -103   0.040
    1225    -29.71     65497 -4.54e-04      -100   0.038
    1275    -29.14     65542 -4.45e-04       -98   0.036
    1325    -29.61     65601 -4.51e-04       -96   0.034
    1375    -29.52     65675 -4.50e-04       -95   0.033
    1425    -28.66     65764 -4.36e-04       -93   0.033
    1475    -30.52     65874 -4.63e-04       -93   0.033

profile at 3 h: z, R (J/kg), E/rho, R/(E/rho), cumulative rad record, loss rate 1/day (next hr or prev)
      25   -174.63     68869 -2.54e-03       +84   0.001
      75   +104.15     68842 +1.51e-03       +87   0.001
     275   +131.28     68280 +1.92e-03       +99   0.000
     375   +141.17     68432 +2.06e-03      +258   0.000
     425    +88.43     68555 +1.29e-03      +544   0.008
     525    -81.62     68915 -1.18e-03      +748   0.015
     625    -87.53     68651 -1.28e-03      +174   0.022
     725  +1118.39     68572 +1.63e-02     -1886   0.213
     775   -733.00     71149 -1.03e-02    -13370   1.722
    1025    -37.79     65280 -5.79e-04      -323   0.040
    1275    -37.41     65407 -5.72e-04      -277   0.033

profile at 7 h: z, R (J/kg), E/rho, R/(E/rho), cumulative rad record, loss rate 1/day (next hr or prev)
      25   -414.90     68931 -6.02e-03      +191   0.001
      75   +289.56     68962 +4.20e-03      +199   0.000
     125   -263.87     69040 -3.82e-03      +224   0.001
     175   +187.31     68996 +2.71e-03      +322   0.000
     275   +304.54     68799 +4.43e-03      +229   0.000
     325   +409.47     69823 +5.86e-03      +311   0.008
     425   +304.74     69461 +4.39e-03     +1025   0.007
     475   -162.45     69592 -2.33e-03      +890   0.001
     525    -76.53     69661 -1.10e-03     +1083   0.011
     725  +2141.81     68820 +3.11e-02     -4142   0.192
     775  -1619.78     70129 -2.31e-02    -30888   1.615
    1025    -62.90     64884 -9.69e-04      -751   0.047
    1275    -62.87     65120 -9.65e-04      -644   0.036

profile at 12 h: z, R (J/kg), E/rho, R/(E/rho), cumulative rad record, loss rate 1/day (next hr or prev)
      25   -703.07     69993 -1.00e-02      +285   0.001
      75   +566.49     70018 +8.09e-03      +299   0.001
     125   -426.90     70101 -6.09e-03      +335   0.001
     275   -150.61     69786 -2.16e-03      +359   0.001
     325   +588.64     69685 +8.45e-03      +521   0.001
     375   +917.51     69646 +1.32e-02     +1012   0.004
     425   -809.01     69400 -1.17e-02     +1243   0.010
     475   +425.66     69487 +6.13e-03     +1106   0.082
     525   +221.32     69553 +3.18e-03     +1417   0.016
     725  +4124.06     69166 +5.96e-02     -6856   0.194
     775  -2890.20     72364 -3.99e-02    -52682   1.710
    1025    -87.73     64372 -1.36e-03     -1312   0.030
    1275    -87.01     64769 -1.34e-03     -1113   0.029

profile at 14 h: z, R (J/kg), E/rho, R/(E/rho), cumulative rad record, loss rate 1/day (next hr or prev)
      25   -826.10     69561 -1.19e-02      +330   0.000
      75   +742.82     69604 +1.07e-02      +346   0.000
     125   -795.76     69707 -1.14e-02      +385   0.000
     175   +476.05     69826 +6.82e-03      +513   0.002
     275    -86.99     70083 -1.24e-03      +417   0.001
     325   +542.55     70079 +7.74e-03      +582   0.001
     375   +882.05     70137 +1.26e-02     +1082   0.001
     475   +343.22     70355 +4.88e-03      +906   0.005
     525    +71.34     70431 +1.01e-03     +1465   0.019
     725  +4656.11     69298 +6.72e-02     -8371   0.352
     775  -3149.08     70950 -4.44e-02    -60837   1.810
    1025    -97.74     64207 -1.52e-03     -1502   0.041
    1275    -96.79     64657 -1.50e-03     -1284   0.035

profile at 18 h: z, R (J/kg), E/rho, R/(E/rho), cumulative rad record, loss rate 1/day (next hr or prev)
      25  -1075.14     70293 -1.53e-02      +408   0.001
      75   +942.25     70344 +1.34e-02      +429   0.000
     125   -703.65     70457 -9.99e-03      +474   0.002
     225   +493.18     71071 +6.94e-03      +342   0.002
     275   -314.63     71197 -4.42e-03      +442   0.003
     325   +600.20     71330 +8.41e-03      +637   0.009
     375  +1387.20     71242 +1.95e-02     +1192   0.008
     425   -558.10     70912 -7.87e-03     +1717   0.013
     525   +738.03     70935 +1.04e-02     +1882   0.020
     725  +5380.03     68989 +7.80e-02    -11116   0.232
     775  -3131.45     67935 -4.61e-02    -77353   2.069
    1025   -123.61     63859 -1.94e-03     -1909   0.041
    1275   -126.15     64423 -1.96e-03     -1634   0.034

profile at 24 h: z, R (J/kg), E/rho, R/(E/rho), cumulative rad record, loss rate 1/day (next hr or prev)
      25  -1432.92     70451 -2.03e-02      +536   0.000
      75  +1408.08     70487 +2.00e-02      +564   0.000
     125  -1777.69     70585 -2.52e-02      +618   0.000
     175   +734.39     70699 +1.04e-02      +761   0.000
     275   -582.87     70946 -8.22e-03      +610   0.000
     325   +662.17     71074 +9.32e-03      +829   0.004
     375  +1620.35     70858 +2.29e-02     +1294   0.001
     425   -546.73     70992 -7.70e-03     +1918   0.001
     475   +750.16     71111 +1.05e-02     +1424   0.003
     525   +890.12     71181 +1.25e-02     +2494   0.014
     725  +7536.96     70450 +1.07e-01    -16012   0.378
     775  -4187.40     72536 -5.77e-02   -102766   1.878
    1025   -154.83     63393 -2.44e-03     -2538   0.041
    1275   -158.51     64082 -2.47e-03     -2174   0.035
