run c1c_opt2_d4_enthalpy; dz 50 m; z 25..1475
hour  G=int|R|    signed    lamR(1/day) lamE(1/day) G_pred_next  G_next   z_centroid|R|  frac|R| z>1000
   1  5.049e+04 -8.078e+02      0.223      0.092   5.002e+04  6.744e+04       838      0.31
   2  6.744e+04 -9.780e+02      0.164      0.092   6.698e+04  1.664e+05       748      0.25
   3  1.664e+05 +4.398e+02      0.506      0.089   1.630e+05  2.262e+05       694      0.12
   4  2.262e+05 +3.713e+03      0.448      0.088   2.220e+05  2.332e+05       670      0.11
   5  2.332e+05 +7.108e+03      0.510      0.097   2.283e+05  2.848e+05       658      0.11
   6  2.848e+05 +1.042e+04      0.505      0.091   2.789e+05  3.725e+05       650      0.09
   7  3.725e+05 +1.615e+04      0.469      0.089   3.653e+05  3.836e+05       644      0.09
   8  3.836e+05 +2.201e+04      0.465      0.092   3.762e+05  4.758e+05       632      0.09
   9  4.758e+05 +2.699e+04      0.499      0.090   4.660e+05  5.556e+05       643      0.08
  10  5.556e+05 +3.579e+04      0.492      0.089   5.443e+05  5.623e+05       644      0.08
  11  5.623e+05 +4.459e+04      0.534      0.096   5.499e+05  6.491e+05       637      0.08
  12  6.491e+05 +5.347e+04      0.509      0.091   6.354e+05  6.990e+05       642      0.07
  13  6.990e+05 +6.483e+04      0.557      0.096   6.830e+05  7.258e+05       638      0.07
  14  7.258e+05 +7.525e+04      0.564      0.100   7.090e+05  7.647e+05       637      0.07
  15  7.647e+05 +8.574e+04      0.510      0.093   7.487e+05  8.348e+05       637      0.07
  16  8.348e+05 +9.830e+04      0.484      0.090   8.182e+05  8.708e+05       639      0.08
  17  8.708e+05 +1.106e+05      0.431      0.091   8.553e+05  8.801e+05       626      0.08
  18  8.801e+05 +1.223e+05      0.507      0.104   8.617e+05  1.002e+06       618      0.08
  19  1.002e+06 +1.339e+05      0.473      0.094   9.822e+05  1.044e+06       625      0.07
  20  1.044e+06 +1.483e+05      0.466      0.095   1.024e+06  1.044e+06       624      0.07
  21  1.044e+06 +1.616e+05      0.517      0.105   1.022e+06  1.119e+06       620      0.07
  22  1.119e+06 +1.752e+05      0.469      0.097   1.097e+06  1.154e+06       620      0.07
  23  1.154e+06 +1.903e+05      0.506      0.103   1.130e+06  1.182e+06       622      0.07

profile at 1 h: z, R (J/kg), E/rho, R/(E/rho), cumulative rad record, loss rate 1/day (next hr or prev)
      25    +23.13     68060 +3.40e-04       +20   0.001
      75    -31.09     68074 -4.57e-04       +21   0.001
     275     +9.61     68533 +1.40e-04       +26   0.000
     525     +3.71     68960 +5.37e-05      +381   0.027
     725   +315.02     67093 +4.70e-03      -512   0.322
     775    +47.90     69366 +6.91e-04     -4621   1.640
     825    -18.95     65116 -2.91e-04      -263   0.067
     875    -29.12     65377 -4.45e-04      -178   0.054
     925    -30.47     65458 -4.65e-04      -147   0.047
     975    -29.58     65468 -4.52e-04      -130   0.045
    1025    -30.12     65459 -4.60e-04      -119   0.045
    1075    -29.95     65452 -4.58e-04      -112   0.043
    1125    -29.31     65453 -4.48e-04      -107   0.041
    1175    -29.78     65468 -4.55e-04      -103   0.040
    1225    -29.71     65497 -4.54e-04      -100   0.038
    1275    -29.14     65542 -4.45e-04       -98   0.036
    1325    -29.61     65601 -4.51e-04       -96   0.034
    1375    -29.52     65675 -4.50e-04       -95   0.033
    1425    -28.66     65764 -4.36e-04       -93   0.033
    1475    -30.52     65874 -4.63e-04       -93   0.033

profile at 3 h: z, R (J/kg), E/rho, R/(E/rho), cumulative rad record, loss rate 1/day (next hr or prev)
      25    +90.21     68869 +1.31e-03       +84   0.001
      75   -112.18     68842 -1.63e-03       +87   0.001
     275   +158.16     68280 +2.32e-03       +99   0.000
     375    +59.26     68432 +8.66e-04      +258   0.000
     525     +1.97     68915 +2.86e-05      +748   0.015
     675   +151.00     68544 +2.20e-03      -218   0.041
     725   +904.44     68572 +1.32e-02     -1886   0.213
     775   -734.93     71149 -1.03e-02    -13370   1.722
    1025    -37.79     65280 -5.79e-04      -323   0.040
    1275    -37.41     65407 -5.72e-04      -277   0.033

profile at 7 h: z, R (J/kg), E/rho, R/(E/rho), cumulative rad record, loss rate 1/day (next hr or prev)
      25   +261.37     68931 +3.79e-03      +191   0.001
      75   -237.88     68962 -3.45e-03      +199   0.000
     125   -248.30     69040 -3.60e-03      +224   0.001
     275   +258.98     68799 +3.76e-03      +229   0.000
     325   +389.88     69823 +5.58e-03      +311   0.008
     525    -25.35     69661 -3.64e-04     +1083   0.011
     625   +134.33     69269 +1.94e-03     +1038   0.029
     675   +309.73     69032 +4.49e-03       +31   0.034
     725  +1692.70     68820 +2.46e-02     -4142   0.192
     775  -1664.81     70129 -2.37e-02    -30888   1.615
    1025    -62.90     64884 -9.69e-04      -751   0.047
    1275    -62.87     65120 -9.65e-04      -644   0.036

profile at 12 h: z, R (J/kg), E/rho, R/(E/rho), cumulative rad record, loss rate 1/day (next hr or prev)
      25   +509.64     69993 +7.28e-03      +285   0.001
      75   -371.46     70018 -5.31e-03      +299   0.001
     125   -481.17     70101 -6.86e-03      +335   0.001
     275   +131.94     69786 +1.89e-03      +359   0.001
     325   +398.99     69685 +5.73e-03      +521   0.001
     375   +563.44     69646 +8.09e-03     +1012   0.004
     525    +80.69     69553 +1.16e-03     +1417   0.016
     625   +311.22     69314 +4.49e-03     +2697   0.017
     675   +672.55     69186 +9.72e-03      +514   0.046
     725  +3232.04     69166 +4.67e-02     -6856   0.194
     775  -2987.25     72364 -4.13e-02    -52682   1.710
    1025    -87.73     64372 -1.36e-03     -1312   0.030
    1275    -87.00     64769 -1.34e-03     -1113   0.029

profile at 14 h: z, R (J/kg), E/rho, R/(E/rho), cumulative rad record, loss rate 1/day (next hr or prev)
      25   +611.73     69561 +8.79e-03      +330   0.000
      75   -396.20     69604 -5.69e-03      +346   0.000
     125   -646.05     69707 -9.27e-03      +385   0.000
     275   +136.87     70083 +1.95e-03      +417   0.001
     325   +392.38     70079 +5.60e-03      +582   0.001
     375   +566.93     70137 +8.08e-03     +1082   0.001
     425   +256.73     70257 +3.65e-03     +1370   0.002
     525     -8.62     70431 -1.22e-04     +1465   0.019
     625   +395.50     69892 +5.66e-03     +3407   0.029
     675   +799.22     69571 +1.15e-02      +531   0.027
     725  +3565.18     69298 +5.14e-02     -8371   0.352
     775  -3235.18     70950 -4.56e-02    -60837   1.810
    1025    -97.74     64207 -1.52e-03     -1502   0.041
    1275    -96.78     64657 -1.50e-03     -1284   0.035

profile at 18 h: z, R (J/kg), E/rho, R/(E/rho), cumulative rad record, loss rate 1/day (next hr or prev)
      25   +805.28     70293 +1.15e-02      +408   0.001
      75   -493.79     70344 -7.02e-03      +429   0.000
     125   -763.09     70457 -1.08e-02      +474   0.002
     275    +67.17     71197 +9.43e-04      +442   0.003
     325   +377.38     71330 +5.29e-03      +637   0.009
     375   +657.89     71242 +9.23e-03     +1192   0.008
     425   +738.15     70912 +1.04e-02     +1717   0.013
     525   +140.69     70935 +1.98e-03     +1882   0.020
     625   +490.36     70232 +6.98e-03     +4730   0.042
     675   +974.56     69681 +1.40e-02      +700   0.051
     725  +4030.52     68989 +5.84e-02    -11116   0.232
     775  -3245.29     67935 -4.78e-02    -77353   2.069
    1025   -123.61     63859 -1.94e-03     -1909   0.041
    1275   -126.15     64423 -1.96e-03     -1634   0.034

profile at 24 h: z, R (J/kg), E/rho, R/(E/rho), cumulative rad record, loss rate 1/day (next hr or prev)
      25  +1100.71     70451 +1.56e-02      +536   0.000
      75   -611.25     70487 -8.67e-03      +564   0.000
     125  -1271.71     70585 -1.80e-02      +618   0.000
     275    -32.63     70946 -4.60e-04      +610   0.000
     375   +879.62     70858 +1.24e-02     +1294   0.001
     425  +1244.17     70992 +1.75e-02     +1918   0.001
     525   +187.80     71181 +2.64e-03     +2494   0.014
     625   +735.88     70748 +1.04e-02     +6611   0.025
     675  +1581.22     70530 +2.24e-02      +779   0.020
     725  +5554.08     70450 +7.88e-02    -16012   0.378
     775  -4284.55     72536 -5.91e-02   -102766   1.878
    1025   -154.83     63393 -2.44e-03     -2538   0.041
    1275   -158.51     64082 -2.47e-03     -2174   0.035
