tag sfc at 24 h, J/kg: z, base (tracer eddy diffusion), opt2 (shared), opt3 (shared, explicit)
      25    11884.4    65818.7    63184.3
     125    11605.6    25047.5    28197.1
     225    11537.2     6782.4     5757.7
     325    11509.4     1841.1      642.5
     425     8671.5      264.9       44.5
     525     8630.9       57.7        2.1
     625     8530.2        7.5        0.1
     725     8499.8        1.2        0.0
     825     1784.1        0.0        0.0
     925        5.3        0.0        0.0
    1025        0.0        0.0        0.0
    1125        0.0        0.0        0.0
    1225        0.0        0.0        0.0
    1325        0.0        0.0        0.0
    1425        0.0        0.0        0.0
tag rad at 24 h, J/kg: z, base (tracer eddy diffusion), opt2 (shared), opt3 (shared, explicit)
      25     1416.0      184.2      205.5
     125     1419.9      502.9      502.3
     225     1421.5      637.2      657.3
     325     1422.4      705.9      743.0
     425     1727.1     1407.9     1322.6
     525     1738.0     2043.3     2172.1
     625     1766.2     5535.0     5219.3
     725     1759.0     2386.1     2521.3
     825      524.0       79.1       83.2
     925        2.2        0.1        0.1
    1025        0.0        0.0        0.0
    1125        0.0        0.0        0.0
    1225        0.0        0.0        0.0
    1325        0.0        0.0        0.0
    1425        0.0        0.0        0.0
tag sub at 24 h, J/kg: z, base (tracer eddy diffusion), opt2 (shared), opt3 (shared, explicit)
      25      404.4        0.0        0.0
     125      405.6        0.0        2.5
     225      406.1       52.5       47.3
     325      406.6      108.0      102.4
     425      550.6       56.9       65.5
     525      555.9       24.3       20.1
     625      579.3       81.2      112.1
     725      612.4     2970.4     2807.5
     825      451.3      710.1      697.2
     925      357.7      357.3      357.2
    1025      115.8      115.8      115.8
    1125       73.7       80.6       80.6
    1225       51.5       54.0       54.0
    1325       36.0       37.6       37.6
    1425       24.4       22.4       22.4
