== parity, g46_d4_budget against g46_d4_untagged: bit for bit
== parity, g46_d4_budget_2c against g46_d4_untagged: bit for bit

== identity II at c (c = 110495 J/kg), J/m²: per layer, then the column
   t = 1 h
     R(t) - R(0)        column -8.4697e+01 | layers -2.014e+01 -5.724e+00 -4.807e+00 +5.957e-01 -8.764e+00 +1.113e+00 +8.764e-01 +7.683e-01 +6.977e-01 -3.556e+00 -1.997e+00 -2.435e+00 -2.887e+00 -5.079e+00 -7.102e+00 -1.743e+01 -9.908e-01 -5.706e-01 -5.824e-01 -5.703e-01 -5.650e-01 -5.584e-01 -5.525e-01 -5.471e-01 -5.423e-01 -5.380e-01 -5.344e-01 -5.333e-01 -5.640e-01 -1.172e+00
     L_R, the flush     column +1.0165e+00 | layers +3.511e-04 +1.456e-04 +4.034e-05 -3.566e-05 +3.431e-05 +1.438e-06 +1.774e-06 -1.225e-06 -1.188e-05 +7.828e-04 +4.619e-04 +6.693e-04 +1.860e-03 +9.563e-03 +3.656e-02 +9.503e-01 +3.441e-03 +1.394e-03 +1.169e-03 +1.064e-03 +1.010e-03 +9.540e-04 +8.997e-04 +8.476e-04 +7.980e-04 +7.510e-04 +7.069e-04 +6.781e-04 +6.964e-04 +1.441e-03
     I, left in place   column -8.5713e+01 | layers -2.014e+01 -5.724e+00 -4.807e+00 +5.957e-01 -8.764e+00 +1.113e+00 +8.764e-01 +7.683e-01 +6.977e-01 -3.557e+00 -1.997e+00 -2.436e+00 -2.889e+00 -5.089e+00 -7.138e+00 -1.838e+01 -9.942e-01 -5.720e-01 -5.836e-01 -5.714e-01 -5.660e-01 -5.593e-01 -5.534e-01 -5.480e-01 -5.431e-01 -5.388e-01 -5.351e-01 -5.340e-01 -5.647e-01 -1.173e+00
     -F_S, the repair   column -2.2555e-10 | layers -0.000e+00 -0.000e+00 -0.000e+00 -0.000e+00 -0.000e+00 -0.000e+00 -0.000e+00 -0.000e+00 -0.000e+00 -0.000e+00 -0.000e+00 -0.000e+00 -0.000e+00 -0.000e+00 -0.000e+00 -2.256e-10 -0.000e+00 -0.000e+00 -0.000e+00 -0.000e+00 -0.000e+00 -0.000e+00 -0.000e+00 -0.000e+00 -0.000e+00 -0.000e+00 -0.000e+00 -0.000e+00 -0.000e+00 -0.000e+00
     X_II, remainder    column +3.6859e-08 | layers +8.653e-09 +3.317e-10 +2.204e-09 +4.029e-09 +2.968e-09 +1.216e-09 +1.200e-09 +2.957e-10 -3.962e-09 +8.117e-09 +1.968e-09 +2.477e-09 -9.693e-11 -9.352e-10 -5.816e-09 +6.654e-09 +1.580e-09 +1.767e-09 -2.166e-09 +2.717e-09 +5.205e-09 -5.388e-10 +5.134e-09 -4.084e-10 +5.355e-09 -6.240e-09 -3.902e-09 -6.231e-09 +2.703e-09 +2.579e-09
   t = 6 h
     R(t) - R(0)        column -7.2305e+01 | layers -1.365e+01 -3.254e+00 +1.001e+00 +1.849e+01 -7.607e+00 +3.663e-01 +4.577e+00 -2.145e+00 +4.767e-01 -8.329e+00 -4.184e+00 -1.821e+00 -9.134e+00 +2.055e+00 -1.194e+01 -2.408e+01 -1.301e+00 -8.124e-01 -8.754e-01 -8.737e-01 -8.727e-01 -8.676e-01 -8.623e-01 -8.576e-01 -8.551e-01 -8.582e-01 -8.645e-01 -8.648e-01 -8.851e-01 -1.475e+00
     L_R, the flush     column +7.6103e+00 | layers +2.453e-03 +9.899e-04 +6.154e-04 -5.309e-03 +2.472e-03 -4.357e-04 -2.440e-03 +1.095e-03 -4.854e-03 +2.071e-02 +3.017e-02 +1.023e-02 +4.134e-02 +2.563e-02 +4.964e-01 +6.878e+00 +1.992e-02 +9.277e-03 +8.422e-03 +7.888e-03 +7.625e-03 +7.275e-03 +6.906e-03 +6.535e-03 +6.180e-03 +5.878e-03 +5.671e-03 +5.563e-03 +5.719e-03 +1.042e-02
     I, left in place   column -7.9916e+01 | layers -1.366e+01 -3.255e+00 +1.001e+00 +1.850e+01 -7.610e+00 +3.667e-01 +4.579e+00 -2.146e+00 +4.815e-01 -8.349e+00 -4.214e+00 -1.831e+00 -9.176e+00 +2.029e+00 -1.243e+01 -3.096e+01 -1.320e+00 -8.217e-01 -8.838e-01 -8.816e-01 -8.803e-01 -8.749e-01 -8.692e-01 -8.641e-01 -8.613e-01 -8.641e-01 -8.702e-01 -8.703e-01 -8.909e-01 -1.486e+00
     -F_S, the repair   column +1.1642e-10 | layers -0.000e+00 -0.000e+00 -0.000e+00 -0.000e+00 -0.000e+00 -0.000e+00 -0.000e+00 -0.000e+00 -0.000e+00 -0.000e+00 -0.000e+00 -0.000e+00 -0.000e+00 -0.000e+00 -0.000e+00 +1.164e-10 -0.000e+00 -0.000e+00 -0.000e+00 -0.000e+00 -0.000e+00 -0.000e+00 -0.000e+00 -0.000e+00 -0.000e+00 -0.000e+00 -0.000e+00 -0.000e+00 -0.000e+00 -0.000e+00
     X_II, remainder    column +8.5887e-08 | layers +5.615e-08 +4.045e-09 +4.044e-09 +4.805e-09 +8.785e-09 +1.129e-08 -1.551e-08 +5.508e-09 -2.620e-08 +5.579e-09 +3.562e-10 +4.465e-09 +1.798e-08 +2.441e-09 +6.375e-09 +2.447e-08 -2.396e-08 +1.106e-08 -3.029e-09 +1.108e-08 -1.008e-08 +9.076e-09 +7.728e-09 +7.717e-09 +3.840e-09 -3.844e-09 -2.323e-10 -2.809e-08 -8.950e-09 -1.007e-09
   t = 12 h
     R(t) - R(0)        column -5.8204e+01 | layers -9.603e+00 +4.137e+00 -1.098e+00 +2.108e+01 -6.485e+00 +9.794e+00 -4.594e-01 +1.635e+01 -1.361e+00 +5.063e+00 +9.424e+00 -6.464e+00 -2.103e+01 +1.724e+00 -3.401e+01 -2.715e+01 -2.614e+00 -1.035e+00 -1.130e+00 -1.147e+00 -1.153e+00 -1.151e+00 -1.150e+00 -1.152e+00 -1.159e+00 -1.168e+00 -1.173e+00 -1.165e+00 -1.215e+00 -1.711e+00
     L_R, the flush     column +1.9217e+01 | layers +3.863e-03 +9.941e-04 +4.506e-04 -1.853e-02 +3.423e-03 -4.800e-03 -5.619e-03 -3.634e-02 -4.865e-03 +1.682e-02 +2.066e-02 +3.748e-02 +1.796e-01 -2.106e-02 +1.700e+00 +1.703e+01 +8.428e-02 +2.268e-02 +2.079e-02 +1.916e-02 +1.827e-02 +1.736e-02 +1.650e-02 +1.574e-02 +1.514e-02 +1.475e-02 +1.450e-02 +1.405e-02 +1.435e-02 +2.325e-02
     I, left in place   column -7.7421e+01 | layers -9.607e+00 +4.136e+00 -1.099e+00 +2.110e+01 -6.489e+00 +9.799e+00 -4.538e-01 +1.639e+01 -1.356e+00 +5.046e+00 +9.403e+00 -6.502e+00 -2.121e+01 +1.745e+00 -3.571e+01 -4.418e+01 -2.698e+00 -1.057e+00 -1.151e+00 -1.166e+00 -1.171e+00 -1.169e+00 -1.167e+00 -1.168e+00 -1.174e+00 -1.183e+00 -1.187e+00 -1.179e+00 -1.229e+00 -1.734e+00
     -F_S, the repair   column +1.1642e-10 | layers -0.000e+00 -0.000e+00 -0.000e+00 -0.000e+00 -0.000e+00 -0.000e+00 -0.000e+00 -0.000e+00 -0.000e+00 -0.000e+00 -0.000e+00 -0.000e+00 -0.000e+00 -0.000e+00 -0.000e+00 +1.164e-10 -0.000e+00 -0.000e+00 -0.000e+00 -0.000e+00 -0.000e+00 -0.000e+00 -0.000e+00 -0.000e+00 -0.000e+00 -0.000e+00 -0.000e+00 -0.000e+00 -0.000e+00 -0.000e+00
     X_II, remainder    column +2.8061e-07 | layers +1.217e-07 +2.187e-08 +2.574e-08 +1.186e-08 +1.162e-08 +2.284e-08 +1.573e-08 -6.019e-09 -2.529e-08 -1.129e-08 -6.876e-09 +1.406e-08 +4.044e-08 -4.697e-11 +2.284e-09 +1.799e-08 -1.509e-08 +3.622e-08 +1.810e-08 +2.681e-08 -1.715e-09 +8.958e-09 +1.974e-08 +2.385e-08 -1.089e-08 -2.935e-09 -2.387e-09 -9.865e-09 -3.848e-08 -2.833e-08
   t = 24 h
     R(t) - R(0)        column -9.9068e-01 | layers -5.072e+00 +1.609e+01 -1.092e+00 +3.074e+01 -6.700e+00 +1.604e+01 +1.420e+01 +2.980e+01 +8.891e+00 +2.395e+00 +1.229e+01 -8.390e+00 -2.876e+01 +2.771e+00 -4.398e+01 -1.995e+01 -2.601e+00 -1.139e+00 -1.269e+00 -1.313e+00 -1.332e+00 -1.336e+00 -1.335e+00 -1.327e+00 -1.323e+00 -1.371e+00 -1.377e+00 -1.357e+00 -1.355e+00 -1.828e+00
     L_R, the flush     column +4.4525e+01 | layers +5.691e-03 -1.247e-03 +1.353e-03 -4.165e-02 +1.593e-02 -1.472e-02 -1.416e-02 -9.988e-02 -1.824e-02 -1.004e-02 -6.538e-02 +1.090e-01 +5.495e-01 -7.080e-02 +6.710e+00 +3.671e+01 +2.337e-01 +4.986e-02 +4.719e-02 +4.398e-02 +4.183e-02 +3.986e-02 +3.816e-02 +3.676e-02 +3.570e-02 +3.540e-02 +3.514e-02 +3.388e-02 +3.444e-02 +5.068e-02
     I, left in place   column -4.5516e+01 | layers -5.078e+00 +1.609e+01 -1.093e+00 +3.078e+01 -6.716e+00 +1.605e+01 +1.421e+01 +2.990e+01 +8.909e+00 +2.405e+00 +1.236e+01 -8.499e+00 -2.931e+01 +2.842e+00 -5.069e+01 -5.666e+01 -2.834e+00 -1.189e+00 -1.316e+00 -1.357e+00 -1.374e+00 -1.376e+00 -1.373e+00 -1.364e+00 -1.358e+00 -1.406e+00 -1.412e+00 -1.391e+00 -1.389e+00 -1.878e+00
     -F_S, the repair   column +1.1642e-10 | layers -0.000e+00 -0.000e+00 -0.000e+00 -0.000e+00 -0.000e+00 -0.000e+00 -0.000e+00 -0.000e+00 -0.000e+00 -0.000e+00 -0.000e+00 -0.000e+00 -0.000e+00 -0.000e+00 -0.000e+00 +1.164e-10 -0.000e+00 -0.000e+00 -0.000e+00 -0.000e+00 -0.000e+00 -0.000e+00 -0.000e+00 -0.000e+00 -0.000e+00 -0.000e+00 -0.000e+00 -0.000e+00 -0.000e+00 -0.000e+00
     X_II, remainder    column +4.6928e-07 | layers +2.690e-07 +3.711e-08 +5.075e-08 +9.885e-09 -7.170e-09 +3.021e-08 +3.826e-08 +3.008e-08 -1.146e-08 -2.077e-08 +1.409e-08 -6.662e-09 +2.246e-08 -2.761e-08 +2.313e-08 -1.890e-09 -3.007e-08 +5.160e-08 +1.368e-08 +8.892e-09 +2.948e-08 -7.711e-09 +1.969e-08 +2.832e-08 -2.672e-08 -6.118e-09 +1.469e-08 -6.271e-09 -4.541e-08 -2.421e-08

== identity II at 2c (c = 220990 J/kg), J/m²: per layer, then the column
   t = 1 h
     R(t) - R(0)        column -1.3757e+02 | layers -3.154e+01 +1.965e+00 -3.561e+00 +1.466e+00 -1.231e+01 +1.797e+00 +1.079e+00 +1.642e+00 +1.003e+00 -5.305e+00 -3.753e+00 -4.252e+00 -5.519e+00 -1.124e+01 -1.374e+01 -3.820e+01 -1.869e+00 -1.117e+00 -1.118e+00 -1.097e+00 -1.088e+00 -1.076e+00 -1.066e+00 -1.057e+00 -1.048e+00 -1.040e+00 -1.034e+00 -1.033e+00 -1.095e+00 -2.369e+00
     L_R, the flush     column +8.2458e-01 | layers +2.322e-04 -5.745e-05 -4.806e-06 -2.270e-05 +1.940e-05 +1.481e-06 +1.596e-06 -1.206e-06 -6.650e-06 +4.885e-04 +3.610e-04 +4.741e-04 +1.369e-03 +7.637e-03 +2.685e-02 +7.759e-01 +2.394e-03 +1.016e-03 +8.344e-04 +7.597e-04 +7.211e-04 +6.812e-04 +6.429e-04 +6.061e-04 +5.711e-04 +5.379e-04 +5.068e-04 +4.867e-04 +4.995e-04 +1.079e-03
     I, left in place   column -1.3839e+02 | layers -3.154e+01 +1.965e+00 -3.561e+00 +1.466e+00 -1.231e+01 +1.797e+00 +1.079e+00 +1.642e+00 +1.003e+00 -5.306e+00 -3.753e+00 -4.253e+00 -5.521e+00 -1.124e+01 -1.377e+01 -3.898e+01 -1.871e+00 -1.118e+00 -1.119e+00 -1.098e+00 -1.088e+00 -1.077e+00 -1.067e+00 -1.057e+00 -1.049e+00 -1.041e+00 -1.035e+00 -1.034e+00 -1.096e+00 -2.370e+00
     -F_S, the repair   column +9.8953e-10 | layers -0.000e+00 -0.000e+00 -0.000e+00 -0.000e+00 -0.000e+00 -0.000e+00 -0.000e+00 -0.000e+00 -0.000e+00 -0.000e+00 -0.000e+00 -0.000e+00 -0.000e+00 -0.000e+00 -0.000e+00 +9.895e-10 -0.000e+00 -0.000e+00 -0.000e+00 -0.000e+00 -0.000e+00 -0.000e+00 -0.000e+00 -0.000e+00 -0.000e+00 -0.000e+00 -0.000e+00 -0.000e+00 -0.000e+00 -0.000e+00
     X_II, remainder    column +5.2693e-08 | layers +3.393e-08 -3.617e-09 +2.412e-08 +1.476e-08 +1.740e-08 -5.403e-09 -2.852e-10 -2.011e-08 +2.219e-08 -8.921e-09 -7.900e-09 -5.414e-09 +8.580e-09 -8.788e-09 +3.782e-09 -3.415e-09 -1.841e-09 -2.811e-09 +5.827e-09 -3.497e-09 +8.985e-10 -4.507e-09 +4.373e-09 +1.261e-08 +4.196e-09 -9.922e-09 -4.143e-09 -1.429e-08 +1.027e-08 -5.388e-09
   t = 6 h
     R(t) - R(0)        column -1.2265e+02 | layers -1.899e+01 +6.581e+00 +6.804e+00 +2.934e+01 -9.595e+00 +1.464e+00 +8.280e+00 -1.527e+00 +1.665e+00 -1.136e+01 -6.915e+00 -4.004e+00 -1.482e+01 -7.450e-01 -2.422e+01 -5.717e+01 -2.561e+00 -1.730e+00 -1.837e+00 -1.839e+00 -1.838e+00 -1.829e+00 -1.819e+00 -1.810e+00 -1.807e+00 -1.817e+00 -1.832e+00 -1.823e+00 -1.840e+00 -3.056e+00
     L_R, the flush     column +6.3949e+00 | layers +1.438e-03 -2.149e-04 -3.374e-04 -3.225e-03 +1.259e-03 -3.945e-04 -1.679e-03 -3.112e-04 -3.579e-03 +1.154e-02 +1.883e-02 +8.717e-03 +2.681e-02 +3.163e-02 +3.739e-01 +5.846e+00 +1.391e-02 +7.062e-03 +6.313e-03 +5.929e-03 +5.733e-03 +5.476e-03 +5.203e-03 +4.929e-03 +4.667e-03 +4.445e-03 +4.293e-03 +4.202e-03 +4.289e-03 +7.929e-03
     I, left in place   column -1.2905e+02 | layers -1.899e+01 +6.581e+00 +6.804e+00 +2.934e+01 -9.596e+00 +1.465e+00 +8.281e+00 -1.526e+00 +1.668e+00 -1.138e+01 -6.934e+00 -4.013e+00 -1.485e+01 -7.766e-01 -2.459e+01 -6.302e+01 -2.575e+00 -1.737e+00 -1.843e+00 -1.845e+00 -1.843e+00 -1.834e+00 -1.824e+00 -1.815e+00 -1.812e+00 -1.821e+00 -1.836e+00 -1.827e+00 -1.844e+00 -3.064e+00
     -F_S, the repair   column +1.8626e-09 | layers -0.000e+00 -0.000e+00 -0.000e+00 -0.000e+00 -0.000e+00 -0.000e+00 -0.000e+00 -0.000e+00 -0.000e+00 -0.000e+00 -0.000e+00 -0.000e+00 -0.000e+00 -0.000e+00 -0.000e+00 +1.863e-09 -0.000e+00 -0.000e+00 -0.000e+00 -0.000e+00 -0.000e+00 -0.000e+00 -0.000e+00 -0.000e+00 -0.000e+00 -0.000e+00 -0.000e+00 -0.000e+00 -0.000e+00 -0.000e+00
     X_II, remainder    column +3.3829e-07 | layers +1.398e-07 +1.958e-08 +3.573e-08 +3.941e-09 -2.127e-08 -3.022e-08 -3.135e-08 +3.525e-08 +1.293e-08 +2.486e-08 +2.200e-09 +4.222e-09 -2.010e-08 +2.423e-08 +2.663e-08 +4.322e-08 -3.268e-08 +4.753e-08 -1.084e-08 +1.821e-08 +2.161e-08 +1.123e-08 +2.490e-09 +1.253e-09 +1.135e-08 -3.171e-10 +6.723e-09 -3.762e-08 -9.467e-09 +3.918e-08
   t = 12 h
     R(t) - R(0)        column -1.0744e+02 | layers -1.030e+01 +1.914e+01 +4.886e+00 +3.589e+01 -5.563e+00 +1.850e+01 +3.986e+00 +2.818e+01 -1.810e+00 +7.569e+00 +1.290e+01 -1.160e+01 -3.274e+01 -3.920e-01 -6.389e+01 -7.104e+01 -6.693e+00 -2.291e+00 -2.485e+00 -2.529e+00 -2.543e+00 -2.542e+00 -2.542e+00 -2.550e+00 -2.570e+00 -2.600e+00 -2.629e+00 -2.671e+00 -2.738e+00 -3.780e+00
     L_R, the flush     column +1.7455e+01 | layers +2.099e-03 -8.728e-04 -1.533e-03 -1.150e-02 +1.592e-03 -3.671e-03 -4.947e-03 -2.692e-02 -3.747e-03 +9.282e-03 +1.446e-02 +2.793e-02 +1.093e-01 +2.123e-02 +1.260e+00 +1.581e+01 +7.057e-02 +1.790e-02 +1.621e-02 +1.499e-02 +1.429e-02 +1.360e-02 +1.294e-02 +1.236e-02 +1.192e-02 +1.165e-02 +1.149e-02 +1.129e-02 +1.143e-02 +1.833e-02
     I, left in place   column -1.2490e+02 | layers -1.030e+01 +1.914e+01 +4.888e+00 +3.590e+01 -5.565e+00 +1.850e+01 +3.991e+00 +2.821e+01 -1.806e+00 +7.559e+00 +1.288e+01 -1.163e+01 -3.285e+01 -4.132e-01 -6.515e+01 -8.685e+01 -6.763e+00 -2.309e+00 -2.501e+00 -2.544e+00 -2.557e+00 -2.556e+00 -2.555e+00 -2.562e+00 -2.582e+00 -2.612e+00 -2.640e+00 -2.682e+00 -2.750e+00 -3.799e+00
     -F_S, the repair   column +1.8626e-09 | layers -0.000e+00 -0.000e+00 -0.000e+00 -0.000e+00 -0.000e+00 -0.000e+00 -0.000e+00 -0.000e+00 -0.000e+00 -0.000e+00 -0.000e+00 -0.000e+00 -0.000e+00 -0.000e+00 -0.000e+00 +1.863e-09 -0.000e+00 -0.000e+00 -0.000e+00 -0.000e+00 -0.000e+00 -0.000e+00 -0.000e+00 -0.000e+00 -0.000e+00 -0.000e+00 -0.000e+00 -0.000e+00 -0.000e+00 -0.000e+00
     X_II, remainder    column +6.0331e-07 | layers +2.441e-07 +1.412e-08 +3.941e-08 +4.722e-08 +9.463e-10 -4.207e-08 -3.930e-10 -1.700e-08 -4.776e-08 +8.103e-08 +2.370e-09 +2.718e-08 -3.240e-08 +8.009e-08 +6.250e-08 -1.350e-08 +2.872e-08 +7.128e-08 +4.330e-08 +4.070e-09 +1.318e-08 +3.311e-08 -1.459e-09 +2.847e-08 +1.394e-08 -7.291e-08 +3.047e-08 -2.555e-08 -1.309e-08 +3.904e-09
   t = 24 h
     R(t) - R(0)        column -2.8220e+01 | layers -1.622e+00 +3.858e+01 +6.382e+00 +5.143e+01 -3.751e+00 +2.899e+01 +2.739e+01 +5.074e+01 +1.460e+01 +3.538e+00 +1.712e+01 -1.500e+01 -4.462e+01 +2.335e+00 -8.652e+01 -7.039e+01 -7.095e+00 -2.587e+00 -2.877e+00 -2.986e+00 -3.033e+00 -3.040e+00 -3.037e+00 -3.039e+00 -3.071e+00 -3.108e+00 -3.137e+00 -3.151e+00 -3.134e+00 -4.141e+00
     L_R, the flush     column +4.5705e+01 | layers +2.647e-03 -3.429e-03 -2.618e-03 -2.679e-02 +5.035e-03 -1.110e-02 -1.327e-02 -6.967e-02 -1.269e-02 -6.299e-03 -3.227e-02 +7.970e-02 +3.330e-01 +1.334e-02 +5.019e+00 +3.979e+01 +2.168e-01 +4.010e-02 +3.772e-02 +3.530e-02 +3.361e-02 +3.207e-02 +3.075e-02 +2.972e-02 +2.909e-02 +2.871e-02 +2.860e-02 +2.818e-02 +2.838e-02 +4.108e-02
     I, left in place   column -7.3925e+01 | layers -1.624e+00 +3.858e+01 +6.385e+00 +5.146e+01 -3.756e+00 +2.900e+01 +2.740e+01 +5.081e+01 +1.462e+01 +3.544e+00 +1.715e+01 -1.508e+01 -4.495e+01 +2.322e+00 -9.154e+01 -1.102e+02 -7.312e+00 -2.627e+00 -2.915e+00 -3.022e+00 -3.067e+00 -3.072e+00 -3.068e+00 -3.069e+00 -3.101e+00 -3.136e+00 -3.165e+00 -3.179e+00 -3.163e+00 -4.182e+00
     -F_S, the repair   column +2.3283e-09 | layers -0.000e+00 -0.000e+00 -0.000e+00 -0.000e+00 -0.000e+00 -0.000e+00 -0.000e+00 -0.000e+00 -0.000e+00 -0.000e+00 -0.000e+00 -0.000e+00 -0.000e+00 -0.000e+00 -0.000e+00 +2.328e-09 -0.000e+00 -0.000e+00 -0.000e+00 -0.000e+00 -0.000e+00 -0.000e+00 -0.000e+00 -0.000e+00 -0.000e+00 -0.000e+00 -0.000e+00 -0.000e+00 -0.000e+00 -0.000e+00
     X_II, remainder    column +9.3165e-07 | layers +4.780e-07 +4.443e-08 +1.380e-07 +4.721e-08 -6.299e-09 -8.200e-08 +1.813e-08 -5.561e-08 +6.014e-09 +3.568e-08 +3.724e-08 -1.222e-08 +2.135e-08 +7.766e-08 +8.216e-08 -4.543e-08 +5.291e-08 +4.103e-08 +4.575e-08 +5.001e-08 -3.285e-08 +4.989e-09 -2.888e-09 +4.258e-08 +5.261e-09 -7.036e-08 +3.450e-08 -1.622e-08 +7.078e-08 -7.815e-08

== identity I, the column, J/m²
   t =    1 h, c : ΔE +7.0959e+04 = B +7.7986e+04 + P_precip -2.6698e+03 + c·M_U -4.3245e+03 + X_I -3.3033e+01
   t =    1 h, 2c: ΔE +8.1427e+04 = B +9.2779e+04 + P_precip -2.6698e+03 + c·M_U -8.6489e+03 + X_I -3.3033e+01
   t =    6 h, c : ΔE +4.0369e+05 = B +4.5848e+05 + P_precip -2.1200e+04 + c·M_U -3.3559e+04 + X_I -3.0782e+01
   t =    6 h, 2c: ΔE +4.5889e+05 = B +5.4724e+05 + P_precip -2.1200e+04 + c·M_U -6.7117e+04 + X_I -3.0782e+01
   t =   12 h, c : ΔE +7.3032e+05 = B +8.3216e+05 + P_precip -3.9849e+04 + c·M_U -6.1953e+04 + X_I -2.9945e+01
   t =   12 h, 2c: ΔE +8.4588e+05 = B +1.0097e+06 + P_precip -3.9849e+04 + c·M_U -1.2391e+05 + X_I -2.9945e+01
   t =   24 h, c : ΔE +1.1726e+06 = B +1.3633e+06 + P_precip -7.5770e+04 + c·M_U -1.1494e+05 + X_I -1.7107e+01
   t =   24 h, 2c: ΔE +1.4127e+06 = B +1.7184e+06 + P_precip -7.5770e+04 + c·M_U -2.2989e+05 + X_I -1.7107e+01

== C4 at 24 h: c·M_U -1.1494e+05 J/m², 5.495e-03 of the day's Θx; I_col(2c) − I_col(c) -2.8409e+01
   from the records: c·(ΔM − Σ q_prc + ∫pr dt) +1.0578e+04 J/m²

== verdicts (design/D4_PROCESS_BUDGET.md, section 4)
   A2: |X_II| at 24 h, c: 4.693e-07 J/m² (at most 1.0): pass
   A3: |X_II| at 24 h, 2c: 9.316e-07 J/m² (at most 1.0): pass
   A4: ∫|F_S| dz at 24 h, the larger of the pair 2.328e-09 J/m² (at most 1.0): pass
   A5: I_col(2c) − I_col(c) against c·M_U, differ by 1.149e+05 J/m²: fail
