ta against g1_inc_d4: bit for bit

ψ = tropo/(tropo+strat) against the tracer q_gas_A (the air's own mixing)
hour   L1 |ψ-χ|/χ  max |ψ-χ|   at z
   1    2.898e-03    -0.0163    775
   2    3.465e-03    -0.0141    775
   3    7.368e-03    -0.0201    775
   6    6.249e-03    +0.0177    825
  12    9.228e-03    +0.0485    825
  18    1.483e-02    +0.0492    825
  24    2.078e-02    +0.0538    825

profiles at 1 h: z, ψ (tags), χ (tracer), χ in the updraft, updraft area
      25 0.9990 0.9986 0.9993 0.095
     125 0.9987 0.9984 0.9993 0.065
     225 0.9984 0.9982 0.9993 0.062
     325 0.9917 0.9917 0.9992 0.077
     425 0.9782 0.9785 0.9990 0.064
     525 0.9313 0.9317 0.9981 0.024
     625 0.7875 0.7853 0.9954 0.014
     725 0.5632 0.5535 0.9895 0.012
     825 0.1927 0.1885    -   0.000
     925 0.0304 0.0296    -   0.000
    1025 0.0042 0.0041    -   0.000
    1125 0.0006 0.0006    -   0.000
    1225 0.0001 0.0001    -   0.000
    1325 0.0000 0.0000    -   0.000
    1425 0.0000 0.0000    -   0.000

profiles at 6 h: z, ψ (tags), χ (tracer), χ in the updraft, updraft area
      25 0.9159 0.9073 0.9074 0.098
     125 0.9158 0.9079 0.9074 0.073
     225 0.9199 0.9195 0.9078 0.083
     325 0.9209 0.9219 0.9082 0.083
     425 0.9226 0.9260 0.9086 0.060
     525 0.9231 0.9274 0.9090 0.047
     625 0.9225 0.9270 0.9093 0.039
     725 0.9200 0.9225 0.9096 0.040
     825 0.2382 0.2205    -   0.000
     925 0.0320 0.0299    -   0.000
    1025 0.0044 0.0041    -   0.000
    1125 0.0006 0.0006    -   0.000
    1225 0.0001 0.0001    -   0.000
    1325 0.0000 0.0000    -   0.000
    1425 0.0000 0.0000    -   0.000

profiles at 24 h: z, ψ (tags), χ (tracer), χ in the updraft, updraft area
      25 0.9130 0.8993 0.8994 0.095
     125 0.9127 0.8993 0.8994 0.066
     225 0.9126 0.8993 0.8994 0.059
     325 0.9125 0.8993 0.8994 0.063
     425 0.9115 0.8989 0.8994 0.076
     525 0.9115 0.8989 0.8994 0.064
     625 0.9115 0.8989 0.8994 0.042
     725 0.9116 0.8989 0.8994 0.039
     825 0.6226 0.5689    -   0.001
     925 0.0414 0.0313    -   0.000
    1025 0.0054 0.0043    -   0.000
    1125 0.0006 0.0005    -   0.000
    1225 0.0002 0.0001    -   0.000
    1325 0.0000 0.0000    -   0.000
    1425 0.0000 0.0000    -   0.000
