== enthalpy
time,total,tagged,residual,relative,gross_residual,gross_relative,scale,nonpositive_fraction
0.0,1.1298739844259547e8,1.1298739844259542e8,4.470348358154297e-8,3.9565017159196814e-16,3.488170169374527e-9,3.0872205373829646e-17,1.1298739844259547e8,0.0
600.0,1.1299397370919894e8,1.1299396823720676e8,5.471992179751396,4.842729218315752e-8,2721.7503831594254,2.4087571166973176e-5,1.1299397370919894e8,0.0
1200.0,1.1300355743520908e8,1.1300355372453873e8,3.7106703519821167,3.283675696767016e-8,2717.1538357792115,2.4044852192702868e-5,1.1300355743520908e8,0.0
1800.0,1.1301468177633986e8,1.1301467905988164e8,2.7164582163095474,2.4036330268004616e-8,2712.413319656172,2.4000539372611215e-5,1.1301468177633986e8,0.0
2400.0,1.1302658222600593e8,1.1302658000953642e8,2.2164695113897324,1.961016132433094e-8,2704.6021595631623,2.392890332784803e-5,1.1302658222600593e8,0.0
3000.0,1.130389109618176e8,1.130389085840629e8,2.3777547031641006,2.1034833783627488e-8,2698.303382396275,2.3870571287684385e-5,1.130389109618176e8,0.0
3600.0,1.1305145484158798e8,1.1305145180105811e8,3.0405298620462418,2.689509716002106e-8,2693.0479474095287,2.3821435568282872e-5,1.1305145484158798e8,0.0
== enthalpy_increment
time,total,tagged,residual,relative,gross_residual,gross_relative,scale,nonpositive_fraction
0.0,1.1298739844259547e8,1.1298739844259542e8,4.470348358154297e-8,3.9565017159196814e-16,3.488170169374527e-9,3.0872205373829646e-17,1.1298739844259547e8,0.0
600.0,1.1299397370919894e8,1.12993973709199e8,-5.960464477539063e-8,-5.275028642570711e-16,4.452377945496355e-7,3.9403676137233535e-15,1.1299397370919894e8,0.0
1200.0,1.1300355743520908e8,1.130035574352091e8,-1.4901161193847656e-8,-1.3186453180813604e-16,7.531673010957585e-7,6.664987529508433e-15,1.1300355743520908e8,0.0
1800.0,1.1301468177633986e8,1.1301468177633983e8,2.9802322387695312e-8,2.6370310405045593e-16,8.044791607181301e-7,7.118359739402917e-15,1.1301468177633986e8,0.0
2400.0,1.1302658222600593e8,1.130265822260058e8,1.341104507446289e-7,1.1865390256290688e-15,9.451260475634715e-7,8.361980243493644e-15,1.1302658222600593e8,0.0
3000.0,1.130389109618176e8,1.1303891096181765e8,-4.470348358154297e-8,-3.954698714024497e-16,1.0797355939895503e-6,9.551893103024183e-15,1.130389109618176e8,0.0
3600.0,1.1305145484158798e8,1.1305145484158781e8,1.6391277313232422e-7,1.4498953008787465e-15,1.1392745215971223e-6,1.007748660283512e-14,1.1305145484158798e8,0.0
model fields bit for bit
julia +1.11 --project=$W/inc_testenv c9_check.jl  994.28s user 12.94s system 99% cpu 16:50.46 total
